107.880354567 51.5741475765
-19.2749364023 37.2396926506
90.0122627732 58.4659444337
4.82671979968 -3.60420234475
-21.7613103997 -21.4258349174
205.027812315 20.6898623126
221.232915765 28.2083775206
108.418836627 84.1403426579
-30.4338777159 90.0534957076
103.811192373 53.6912844948
132.290712913 44.8818045398
-20.039764775 128.712035078
-3.74109382958 78.9969626574
205.676414745 -15.5501913209
180.545376664 4.11143451476
22.1253006651 80.1429385173
40.4256025859 8.09811216247
-59.2261035618 -54.7603641861
88.584343234 52.3558888879
91.857625411 81.7694059645
-26.1798941144 103.690591052
119.827129031 71.8119118456
157.618695829 -66.5862095142
25.6323153381 85.3731322703
231.457501999 -14.6010091016
71.4716572092 47.9348332898
52.2741345398 -54.0536181735
200.959792781 9.17019835026
-34.0704200305 14.819691685
21.467991477 111.857661395
221.609240018 -17.1881382652
211.335118087 -40.5838005914
-21.5824763347 -18.5481623593
-9.44302715413 102.303578204
121.643107201 105.139748107
114.346020693 43.8460719798
-3.78753980854 111.666968527
41.2115355017 15.8199758612
190.160636531 19.8789427799
23.1773686238 75.7042123241
-12.5877693079 -39.2170209993
219.863810074 22.4876906636
126.084103192 35.9840133226
63.2588068527 73.6238129202
206.990247607 52.4852872513
-27.6459810255 96.8319558995
4.28867932282 -10.7836292311
170.838603826 12.6903583887
114.416324068 28.0076333644
95.6304668747 71.3792809918
6.38563115753 104.808341171
117.127408083 40.2702685645
13.0528309387 22.7837767148
224.997495956 -7.06697591941
124.053996503 3.78099340454
109.550550018 42.2482337102
-6.70146881332 10.6757950671
111.86161531 43.981067873
28.1922129852 70.7242091073
-20.0215140222 110.829454103
84.9087947576 76.2179448514
31.708086189 -8.19184720226
-8.26384196526 131.174957268
104.806987542 60.9546427641
-24.9876311769 22.6992256316
87.7560270091 16.2417594098
24.4249381737 115.443410725
-0.784349887036 8.7034015084
-36.7689916053 76.6685621333
-4.21686263742 85.9191403211
19.2245831281 1.55723649088
0.911726307117 90.7826891569
-34.2429137565 -41.5327259932
114.15152369 73.8537992668
12.9546197892 20.9007693288
10.6993221985 85.1894586611
204.103616386 51.7074782218
3.58476002759 26.1643327665
-12.4340614499 21.1580392252
-21.7733036099 75.3391091357
30.5025746743 117.390534388
204.288886691 -40.0902315297
223.386252269 27.7360618917
75.2972937767 59.2961808286
185.76025973 -67.8180286711
17.6249202155 -41.2634654607
89.7567883284 53.9944586241
94.9095095869 59.7178687248
45.6715717636 82.4670038722
-7.80759355348 24.2740375864
101.137794042 39.1218414685
219.902250678 -2.39213890671
200.062019368 11.3958373771
-4.43375628202 117.057495366
25.3233069063 -18.3773980166
22.7576463664 64.8007734154
218.319899182 -9.57504406996
13.6322135372 123.6254093
26.679695367 135.610347326
107.203740571 45.5461573347
102.593628596 22.3164247514
-3.31893915744 -18.1346745281
14.4617330472 -5.61790721006
-49.5040061442 -2.22904828653
10.8044101743 22.1530515047
249.652375251 2.52413119782
244.304054881 -19.189795414
35.3598045476 79.1246794866
-6.0456885993 -46.1971205273
59.8759943731 40.5091080185
-0.620041211925 15.7997512155
-10.456947459 91.1115648399
20.2053785514 81.4982837114
-2.76038554931 -23.1298031475
115.018767513 52.735591411
160.503418647 -2.99895674988
195.081612133 -4.60132842684
19.9072531798 -9.28101506766
170.90614054 11.5162498626
10.3919979914 -7.08731392764
-14.0409524532 91.6918981964
-39.6847693428 101.299331742
24.1772389422 88.191826665
94.2126243849 66.2071491422
-7.23609042916 14.8433017763
140.12958339 56.0363598108
166.80482143 9.3692821101
187.018061271 -34.0425722601
22.5633474257 -23.210611948
-3.34607737674 -29.5570390922
190.86105833 64.8506562576
26.2030446057 7.24224577457
-16.7484375031 18.1605590004
65.7577173369 -31.2317840939
93.1550500395 60.3953494127
212.99042002 12.3284323659
70.6677292633 67.1981134923
3.72075338797 12.2992996393
17.3778332979 -2.83779385323
-9.78468364391 6.04992890654
-2.15729811126 122.513438336
-20.6662002247 42.1291086053
70.5948022811 69.1823383883
194.403351705 1.76351185789
-4.10730540195 26.7375901106
44.9750160842 29.774102499
21.5861199255 14.8497833893
48.4894184693 30.4100057029
3.10001806934 -28.1670685001
198.5280673 -0.0202418035728
146.031055506 79.2117230064
87.8070361871 58.7106620433
-7.21679879307 135.162372851
4.75459103402 55.8228006796
16.1711736416 -7.26182989449
257.15650254 9.04350791905
25.3469210257 -13.4994925482
96.3423428253 49.9833783042
8.71400501054 99.7574106944
3.28139687765 -25.705655324
11.4541717838 -7.21732765211
29.3070834767 0.896607272402
180.416903545 -18.9516403657
156.989928917 -28.8905313237
-12.3641352274 -49.5541505483
2.47747798997 -0.194362855253
128.5689902 47.1620300463
-10.6092850137 88.8833228744
223.800360218 35.8682135137
-22.0109878006 3.49418929643
18.7542807788 4.26966344223
-29.0601782348 113.517927811
135.060684201 72.6951902061
108.871693745 44.6914507677
240.893089555 -39.1450710647
165.700259963 45.7360311144
38.9459729599 116.589212111
1.24274130057 -23.5810738618
17.2206585533 -4.39750796221
16.2856734038 14.9953709115
3.67963716273 -16.1152080448
108.113726281 69.4677558882
196.309208025 -11.1266458768
41.8992967304 -20.0242053405
34.4769095674 132.671423471
-36.2617709983 11.3135147485
107.532059935 8.70570399959
4.15487368943 68.3228323576
193.725731917 36.9793977887
-1.72796149611 -17.6495647596
31.6465024698 89.8185853192
188.110316955 10.8482679333
92.4671233924 77.5702215187
-8.00978810878 55.6044672604
-16.6082328955 8.79472828269
-19.3288344865 94.0390024709
24.1247489319 30.645448694
5.23417602267 89.7525035908
153.955776473 -33.4084948696
-51.6065578706 -4.23279753383
81.9341413757 103.44245656
126.460596241 74.8856787723
-34.8758919071 105.760487425
9.67132698614 -21.9209676566
12.8469136537 -6.28232590136
20.9626036383 125.61742947
20.9003134626 -4.08596236994
27.7073237382 85.518008779
-17.4172734387 -10.3621892238
-70.7398830635 -39.1887431465
34.8909014383 124.557980924
9.88735706606 41.8676363558
68.6842042924 77.0151957035
-38.900305521 99.3905553025
-12.4869150654 137.867929255
-13.6629355072 165.297158074
113.849932336 82.244560714
26.7755697676 61.770528719
98.7901702086 73.0552806854
-35.3367270832 90.5381960468
206.884943226 -0.741940739388
202.25672958 -9.9412502015
153.764166619 -17.3835956847
192.322120027 37.3418109693
27.0300746832 130.018656561
-25.7021234794 114.643658932
4.79373788298 50.0176790582
23.3029310245 60.9297740677
74.2890060193 77.76411838
16.9353382046 100.060654276
73.8057842819 65.1225444562
10.7605593249 72.7727424378
181.956208863 -70.8332086627
186.969922914 7.04155201815
-38.4073372413 108.381262452
117.958238265 56.9111677306
192.188909213 -51.0058883253
118.613007571 63.075245985
-39.5231022947 -21.0938297086
-74.8847487193 24.5095226825
98.4899671165 54.2955893736
25.3315882835 22.0099378811
209.466118832 -21.8530938597
-11.6463609756 -10.6994626249
111.7906796 70.7741458091
198.848193575 11.5082321338
33.5928183298 123.640726763
-10.495167856 -12.4553061435
9.42914454342 -19.2797740358
2.61273738599 -23.7621392565
64.1452437989 22.2180348021
11.7875122333 -8.29355119298
107.011125629 59.397417595
0.697107071139 76.918975064
17.2446577793 -33.5678471866
-24.890866434 15.3821602867
-17.4782485053 110.590389507
-21.3553611543 -10.6328506261
14.9561735215 42.0856621288
-48.8207570418 -25.0251566973
-33.120870504 -35.6536118194
117.184986192 34.600398566
37.5730218195 13.2310267675
179.148849624 77.362250666
103.692123971 17.4130732248
128.950442533 61.7580934711
77.9633359071 53.3158093134
3.46241012127 150.034493203
20.9066192143 121.809582115
-102.566128391 -14.0307585218
5.99365471682 108.723381242
238.525552178 -4.26547428238
19.1886313374 12.8395990937
6.14013841395 34.729237086
41.5951519414 -20.4929055142
75.2404045765 -14.5521917735
156.980770115 -11.5651562495
126.686578514 81.9122771076
178.641810006 -62.23607561
96.3851174364 20.2083818551
59.984711131 15.1901524101
-2.50720891805 91.114115286
236.536574429 -3.30052729446
13.7781986423 123.346672276
42.5039174487 41.8820878386
3.67457945638 86.179165436
17.3553512584 98.4731869435
96.1314692229 76.8127968264
