500
313811 1028307
945813 2765957
751895 2383555
265716 804664
530267 1277246
831198 2155643
292248 919842
883619 2273295
295925 1422931
862630 2493269
191096 1275758
30559 425227
963110 2206757
485820 1385178
321142 982635
339973 950075
314825 1146101
911216 2105084
329598 971026
673795 1557500
742381 1508441
143949 767309
484860 1590353
609733 1943216
939352 2767368
617693 1841571
124776 963268
942075 2702945
70222 226834
304046 899803
694102 1793634
441768 919962
898162 2768940
720550 1464025
628399 1541186
519175 1881085
338813 964612
33358 627481
966109 2306487
248073 1242396
920773 2780007
783449 2315830
363130 891608
289050 869177
33853 486987
364498 1448805
516090 1776058
808270 2320807
304108 987296
853951 1734888
424450 1205404
979649 2821685
84913 902327
794125 1981856
959389 1977586
856155 1930303
340165 1292756
423222 1659392
614167 1404299
442647 1342277
660553 1588403
87607 554842
29597 865339
945840 2343206
467509 1032353
841583 1809049
583034 1387571
954426 2889718
858107 2164720
52134 499263
273136 1018878
6 359663
342763 693839
295811 921123
524146 1372247
780587 2128269
923843 2842797
972695 2854700
577422 1254874
446512 1224337
466609 1037953
701015 2038362
974631 2297766
590826 1351700
137815 659346
551233 1300238
930924 1911931
977391 2169470
316273 861361
554914 1860790
79686 545442
927185 2608635
789952 2071853
741496 1976696
313072 1321554
3698 567011
612494 2208131
343613 825762
771329 2523076
65437 873823
992797 2553546
133492 490185
474133 1453969
82137 1119089
206284 1348724
413636 889935
501456 1433884
500026 1475013
16931 861046
185747 1073309
291654 1194933
145620 1168688
190180 1044181
679043 1782720
270844 812364
90158 820669
881367 2540971
541636 1923906
185094 895757
653822 1632095
161257 1226711
456283 1322959
298504 1215312
578217 2055245
95090 643204
118949 763173
70202 1033796
410007 1709073
350452 884667
595150 1269333
63824 698440
226345 869467
843109 2215002
61990 1008160
482123 1828569
636500 2027606
880437 1943531
692749 1819354
577854 2115448
547544 1195686
573488 1985364
47544 1011069
300200 659766
508255 1841575
841610 2245229
512497 1868434
298042 755559
97104 416712
925525 2341216
66660 597576
374031 1602541
482396 1450915
731512 2310569
175799 830415
497849 1265841
234091 821204
460506 1501449
470883 1065388
601465 2080868
143501 451545
438450 1701442
101636 945025
898507 2163585
152151 544263
178103 1021161
470623 1623493
957650 2005357
107271 365607
912720 1869545
391384 1661082
847297 2641816
395888 1501569
971250 2610697
976981 1981015
769093 2363623
153766 871055
653572 1834782
786736 2442450
724434 1959595
496880 1910383
480234 1920521
165107 838181
840519 1930497
987877 2120374
81088 1034404
282574 1474515
42296 610302
772936 1987277
410956 1466709
255726 709613
739594 2119433
138999 316491
928062 2556802
987364 1979289
443872 1536198
114228 944291
645373 1434931
599490 2045819
700671 1979035
149465 1099207
546224 1288859
192204 838459
715221 1431974
24877 268417
679097 1554498
652671 1887753
297684 823037
449764 1333754
461625 1832855
383320 808052
838273 1797369
649825 1836757
521529 1087799
978664 2299676
960260 2510210
860692 2465018
348536 1689731
1589 535778
374688 773373
963040 2550218
286950 1029653
127965 711311
677908 2028833
3152 106981
822117 2322621
734115 2101143
959886 1990958
613044 1921887
117291 1061627
759221 1807746
676318 1411220
686176 1726937
44030 373430
971748 2317208
823747 1808373
94430 1023159
206509 1298680
461461 1648369
383608 1438315
24839 854282
708374 2123036
984200 2332354
873890 2331256
611054 1664750
116807 639477
729912 1467235
190629 774551
234635 729405
876551 2164428
567594 1621658
284097 593100
144258 718899
921408 2124514
169511 1086276
361713 850007
389416 1018699
591730 2033947
419608 1669471
277203 1450141
970537 2053245
273350 642040
618020 2150837
590074 1909508
238420 728233
778190 2548003
267452 1376169
311828 720893
138136 488036
843534 1831895
841383 2003710
622429 1584438
206505 909782
977916 2394303
896721 2014770
809256 1928578
772707 2264689
98357 1020134
522490 1822251
45027 283957
111519 415565
310151 629892
769686 2415301
139504 332317
942431 2529936
300654 1561817
301340 1434430
474359 1458494
302937 777793
593348 1808552
99695 819646
35908 766857
51280 1095292
434232 1491540
166182 1179039
499276 1056953
658922 1617460
409998 1647171
397746 1146110
683579 1481675
484700 1263456
878197 2494908
66193 280820
363642 1533621
40183 91837
712816 2088979
87082 477181
336613 1179488
478559 1733436
244071 1058122
743024 1962786
170337 520345
691379 2220550
244256 1021944
853767 2218823
13980 74398
518000 1861178
202120 1315580
139347 604523
190604 1130678
63285 1112816
618406 1507911
384743 1101970
384038 1281917
344685 695885
727755 2090388
711693 2006016
544203 1107435
596028 1892692
600737 1331157
257938 1018541
429491 1835246
776322 2234274
805941 2129375
845634 1836079
526930 1668964
784569 1860573
650888 1349472
99270 221264
150492 510986
874316 2551875
133116 399684
53915 736485
567009 1495171
93609 910616
981664 2297354
345380 1675487
905212 2299235
934094 2024880
716687 1524177
784383 2338512
946144 2309431
974201 1983023
251651 1267892
705983 2067147
855965 1811945
983962 1995888
998460 2071549
639826 1379784
117212 439093
892029 2660248
969908 2154192
894383 2623650
486882 1929663
321546 666643
520949 1702311
634841 1662337
376093 1496411
280974 1519594
98418 980455
557737 1396742
769937 1727227
15920 176076
883328 2663150
928354 2025880
671399 2319451
55674 996013
959053 2637964
617460 2183500
9033 514561
919732 2063467
243920 663718
248832 1105674
789973 2191035
917752 2594836
443382 987476
173091 1218168
645861 1296123
270930 817352
373000 841659
920872 2016615
491035 1113818
330054 869097
712604 1507295
182225 964963
203388 1218632
810843 2463237
305537 1371865
724202 2289671
128105 989579
813926 1767925
163603 977903
976160 2562091
587672 1398435
795637 2441242
954952 2703819
692600 2151698
738113 2138031
238177 1130169
858953 2079392
136595 312580
442721 1334589
792356 1619380
472937 1932813
298170 1484105
312900 1431019
932614 2225796
721106 1521541
963941 2286901
922391 2706863
768451 1997855
702499 2351920
275592 1267248
54153 711976
763737 2415914
372722 949258
614253 1604903
84833 953747
393043 801411
92629 299229
558158 1781745
452885 1505471
17812 662521
839325 2014703
23201 690292
376099 1574392
292284 1130651
374110 1173460
541776 2000161
748563 1971084
833847 1991941
246522 686420
845440 1946196
471209 1193198
503849 1427915
182762 834934
509150 1810524
589229 1918217
240761 905510
551984 1289239
766951 2377981
383672 1612594
426360 1011684
299226 843332
286949 1134948
528853 1249556
536893 1481496
343364 1019043
844985 2078425
75004 750617
860911 2614931
486680 1880328
812899 2035101
875262 2041405
740360 2087097
420583 1279675
700961 2280256
551830 1423086
770837 1660160
174134 709457
765171 1720483
729758 2263908
474438 1052339
185039 1348347
491714 1169277
319999 1175432
952223 1923672
839910 2598054
72209 692145
108275 1037094
224251 812364
873699 2413596
103628 561533
915679 2504598
382338 1193342
888957 2402962
924596 2252172
645114 1628613
404098 1530734
937915 2831273
548457 1112462
71281 608666
198406 440050
772431 2048700
793754 2419698
368449 1540229
416815 1783535
901441 2687231
295481 694835
392069 1068878
504776 1346154
